version https://git-lfs.github.com/spec/v1
oid sha256:728b978a708e5b4328c606dd405263890ad9e7d3001c63d00063569545b4212a
size 544166
